2026-09-09 21:53:34.109  00 00 00 00 01 00
2026-09-09 21:53:34.228  01 00 08 00 10 B4 01
2026-09-09 21:53:34.528  00 00 00 00 01 00
2026-09-09 21:53:34.648  01 00 08 10 1A 02 08 01
2026-09-09 21:53:34.889  00 00 00 00 01 00
2026-09-09 21:53:35.069  01 00 08 13 1A 06 3A 04 08 00 10 01
2026-09-09 21:53:54.389  00 00 00 00 01 00
2026-09-09 21:53:54.508  01 00 08 00 10 B4 01
2026-09-09 21:53:54.809  00 00 00 00 01 00
2026-09-09 21:53:54.928  01 00 08 10 1A 02 08 01
2026-09-09 21:53:55.288  00 00 00 00 01 00
2026-09-09 21:53:55.468  01 00 08 13 1A 06 3A 04 08 00 10 01
2026-09-09 21:54:21.334  00 00 00 00 01 00
2026-09-09 21:54:21.390  01 00 08 00 10 B4 01
2026-09-09 21:54:21.568  00 00 00 00 01 00
2026-09-09 21:54:21.629  01 00 08 10 1A 02 08 01
2026-09-09 21:54:21.873  00 00 00 00 01 00
2026-09-09 21:54:21.929  01 00 08 13 1A 06 3A 04 08 00 10 01
2026-09-09 21:54:34.259  00 00 00 00 01 00
2026-09-09 21:54:34.348  01 00 08 00 10 B4 01
2026-09-09 21:54:34.590  00 00 00 00 01 00
2026-09-09 21:54:34.709  01 00 08 10 1A 02 08 01
2026-09-09 21:54:34.953  00 00 00 00 01 00
2026-09-09 21:54:35.069  01 00 08 13 1A 06 3A 04 08 00 10 01
2026-09-09 21:54:54.395  00 00 00 00 01 00
2026-09-09 21:54:54.452  01 00 08 00 10 B4 01
2026-09-09 21:54:54.691  00 00 00 00 01 00
2026-09-09 21:54:54.810  01 00 08 10 1A 02 08 01
2026-09-09 21:54:55.052  00 00 00 00 01 00
2026-09-09 21:54:55.168  01 00 08 13 1A 06 3A 04 08 00 10 01
2026-09-09 21:55:14.250  00 00 00 00 01 00
2026-09-09 21:55:14.368  01 00 08 00 10 B4 01
2026-09-09 21:55:14.728  00 00 00 00 01 00
2026-09-09 21:55:14.908  01 00 08 10 1A 02 08 01
2026-09-09 21:55:15.149  00 00 00 00 01 00
2026-09-09 21:55:15.268  01 00 08 13 1A 06 3A 04 08 00 10 01
2026-09-09 21:55:34.710  00 00 00 00 01 00
2026-09-09 21:55:34.828  01 00 08 00 10 B4 01
2026-09-09 21:55:35.128  00 00 00 00 01 00
2026-09-09 21:55:35.308  01 00 08 10 1A 02 08 01
2026-09-09 21:55:35.855  00 00 00 00 01 00
2026-09-09 21:55:36.409  01 00 08 13 1A 06 3A 04 08 00 10 01
2026-09-09 21:57:16.828  00 00 00 00 01 00
2026-09-09 21:57:17.543  01 00 08 00 10 B4 01
2026-09-09 21:57:18.125  00 00 00 00 01 00
2026-09-09 21:57:18.214  01 00 08 10 1A 02 08 01
2026-09-09 21:57:18.530  00 00 00 00 01 00
2026-09-09 21:57:18.619  01 00 08 13 1A 06 3A 04 08 00 10 01
2026-09-09 21:57:26.883  00 00 00 00 01 00
2026-09-09 21:57:26.989  01 00 08 00 10 B4 01
2026-09-09 21:57:27.305  00 00 00 00 01 00
2026-09-09 21:57:27.394  01 00 08 10 1A 02 08 01
2026-09-09 21:57:27.665  00 00 00 00 01 00
2026-09-09 21:57:27.848  01 00 08 13 1A 06 3A 04 08 00 10 01
2026-09-09 21:57:34.470  00 00 00 00 01 00
2026-09-09 21:57:34.549  01 00 08 00 10 B4 01
2026-09-09 21:57:34.730  00 00 00 00 01 00
2026-09-09 21:57:34.909  01 00 08 10 1A 02 08 01
2026-09-09 21:57:35.135  00 00 00 00 01 00
2026-09-09 21:57:35.224  01 00 08 13 1A 06 3A 04 08 00 10 01
2026-09-09 21:57:42.213  00 00 00 00 01 00
2026-09-09 21:57:42.274  01 00 08 00 10 B4 01
2026-09-09 21:57:42.461  00 00 00 00 01 00
2026-09-09 21:57:42.535  01 00 08 10 1A 02 08 01
2026-09-09 21:57:42.724  00 00 00 00 01 00
2026-09-09 21:57:42.797  01 00 08 13 1A 06 3A 04 08 00 10 01
2026-09-09 21:57:52.032  00 00 00 00 01 00
2026-09-09 21:57:52.097  01 00 08 00 10 B4 01
2026-09-09 21:57:52.323  00 00 00 00 01 00
2026-09-09 21:57:52.441  01 00 08 10 1A 02 08 01
2026-09-09 21:57:52.667  00 00 00 00 01 00
2026-09-09 21:57:52.735  01 00 08 13 1A 06 3A 04 08 00 10 01
2026-09-09 21:57:58.893  00 00 00 00 01 00
2026-09-09 21:57:58.998  01 00 08 00 10 B4 01
2026-09-09 21:57:59.224  00 00 00 00 01 00
2026-09-09 21:57:59.297  01 00 08 10 1A 02 08 01
2026-09-09 21:57:59.524  00 00 00 00 01 00
2026-09-09 21:57:59.597  01 00 08 13 1A 06 3A 04 08 00 10 01
2026-09-09 21:58:11.833  00 00 00 00 01 00
2026-09-09 21:58:11.935  01 00 08 00 10 B4 01
2026-09-09 21:58:12.236  00 00 00 00 01 00
2026-09-09 21:58:12.310  01 00 08 10 1A 02 08 01
2026-09-09 21:58:12.611  00 00 00 00 01 00
2026-09-09 21:58:12.685  01 00 08 13 1A 06 3A 04 08 00 10 01
2026-09-09 21:58:17.793  00 00 00 00 01 00
2026-09-09 21:58:17.860  01 00 08 00 10 B4 01
2026-09-09 21:58:18.011  00 00 00 00 01 00
2026-09-09 21:58:18.085  01 00 08 10 1A 02 08 01
2026-09-09 21:58:18.311  00 00 00 00 01 00
2026-09-09 21:58:18.385  01 00 08 13 1A 06 3A 04 08 00 10 01
2026-09-09 21:58:23.423  00 00 00 00 01 00
2026-09-09 21:58:23.523  01 00 08 00 10 B4 01
2026-09-09 21:58:23.711  00 00 00 00 01 00
2026-09-09 21:58:23.823  01 00 08 10 1A 02 08 01
2026-09-09 21:58:24.012  00 00 00 00 01 00
2026-09-09 21:58:24.085  01 00 08 13 1A 06 3A 04 08 00 10 01
2026-09-09 21:58:29.156  00 00 00 00 01 00
2026-09-09 21:58:29.222  01 00 08 00 10 B4 01
2026-09-09 21:58:29.411  00 00 00 00 01 00
2026-09-09 21:58:29.485  01 00 08 10 1A 02 08 01
2026-09-09 21:58:29.787  00 00 00 00 01 00
2026-09-09 21:58:29.860  01 00 08 13 1A 06 3A 04 08 00 10 01
2026-09-09 21:58:34.892  00 00 00 00 01 00
2026-09-09 21:58:34.961  01 00 08 00 10 B4 01
2026-09-09 21:58:35.148  00 00 00 00 01 00
2026-09-09 21:58:35.232  01 00 08 10 1A 02 08 01
2026-09-09 21:58:35.449  00 00 00 00 01 00
2026-09-09 21:58:35.560  01 00 08 13 1A 06 3A 04 08 00 10 01
2026-09-09 21:58:40.593  00 00 00 00 01 00
2026-09-09 21:58:40.662  01 00 08 00 10 B4 01
2026-09-09 21:58:40.811  00 00 00 00 01 00
2026-09-09 21:58:40.885  01 00 08 10 1A 02 08 01
2026-09-09 21:58:41.111  00 00 00 00 01 00
2026-09-09 21:58:41.185  01 00 08 13 1A 06 3A 04 08 00 10 01
2026-09-09 21:58:46.411  00 00 00 00 01 00
2026-09-09 21:58:46.473  01 00 08 00 10 B4 01
2026-09-09 21:58:46.842  00 00 00 00 01 00
2026-09-09 21:58:46.861  01 00 08 10 1A 02 08 01
2026-09-09 21:58:46.966  00 00 00 00 01 00
2026-09-09 21:58:47.040  01 00 08 13 1A 06 3A 04 08 00 10 01
2026-09-09 21:58:53.132  00 00 00 00 01 00
2026-09-09 21:58:53.186  01 00 08 00 10 B4 01
2026-09-09 21:58:53.411  00 00 00 00 01 00
2026-09-09 21:58:53.523  01 00 08 10 1A 02 08 01
2026-09-09 21:58:53.675  00 00 00 00 01 00
2026-09-09 21:58:53.748  01 00 08 13 1A 06 3A 04 08 00 10 01
2026-09-09 21:59:14.008  00 00 00 00 01 00
2026-09-09 21:59:14.125  01 00 08 00 10 B4 01
2026-09-09 21:59:14.368  00 00 00 00 01 00
2026-09-09 21:59:14.485  01 00 08 10 1A 02 08 01
2026-09-09 21:59:14.846  00 00 00 00 01 00
2026-09-09 21:59:14.965  01 00 08 13 1A 06 3A 04 08 00 10 01
2026-09-09 21:59:33.626  00 00 00 00 01 00
2026-09-09 21:59:33.745  01 00 08 00 10 B4 01
2026-09-09 21:59:34.046  00 00 00 00 01 00
2026-09-09 21:59:34.165  01 00 08 10 1A 02 08 01
2026-09-09 21:59:34.406  00 00 00 00 01 00
2026-09-09 21:59:34.525  01 00 08 13 1A 06 3A 04 08 00 10 01
2026-09-09 21:59:53.786  00 00 00 00 01 00
2026-09-09 21:59:53.965  01 00 08 00 10 B4 01
2026-09-09 21:59:54.266  00 00 00 00 01 00
2026-09-09 21:59:54.385  01 00 08 10 1A 02 08 01
2026-09-09 21:59:54.626  00 00 00 00 01 00
2026-09-09 21:59:54.745  01 00 08 13 1A 06 3A 04 08 00 10 01
2026-09-09 22:00:13.946  00 00 00 00 01 00
2026-09-09 22:00:14.065  01 00 08 00 10 B4 01
2026-09-09 22:00:14.365  00 00 00 00 01 00
2026-09-09 22:00:14.485  01 00 08 10 1A 02 08 01
2026-09-09 22:00:14.726  00 00 00 00 01 00
2026-09-09 22:00:14.845  01 00 08 13 1A 06 3A 04 08 00 10 01
2026-09-09 22:00:34.107  00 00 00 00 01 00
2026-09-09 22:00:34.225  01 00 08 00 10 B4 01
2026-09-09 22:00:34.466  00 00 00 00 01 00
2026-09-09 22:00:34.585  01 00 08 10 1A 02 08 01
2026-09-09 22:00:34.826  00 00 00 00 01 00
2026-09-09 22:00:34.945  01 00 08 13 1A 06 3A 04 08 00 10 01
